20	261	1	1	313.08	91.334	24.641	49.874
20	262	1	1	307.25	91.412	29.154	50.148
20	263	1	1	301.41	91.49	30.73	50.422
20	264	1	1	295.58	91.569	31.572	50.696
20	265	1	1	288.77	91.157	31.924	52.194
20	266	1	1	281.95	90.746	32.276	53.692
20	267	1	1	275.69	90.93	32.276	53.692
20	268	1	1	269.43	91.115	32.276	53.692
20	269	1	1	263.04	90.93	32.276	53.385
20	270	1	1	256.66	90.746	32.276	53.078
20	271	1	1	250.27	90.562	32.276	52.771
20	272	1	1	243.89	90.378	32.276	51.236
20	273	1	1	237.5	90.194	32.276	49.701
20	274	1	1	231.12	90.01	32.276	48.166
20	275	1	1	225.1	90.01	32.276	48.658
20	276	1	1	219.09	90.01	32.276	49.149
20	277	1	1	213.07	90.01	32.276	49.64
20	278	1	1	206.72	89.761	32.276	50.636
20	279	1	1	200.37	89.511	32.276	51.632
20	280	1	1	194.02	89.262	32.276	52.629
20	281	1	1	187.67	89.013	32.276	53.625
20	282	1	1	181.38	88.764	32.276	53.5
20	283	1	1	175.09	88.515	32.276	53.376
20	284	1	1	168.8	88.266	32.276	53.251
20	285	1	1	162.51	88.017	32.276	53.127
20	286	1	1	156.22	87.768	32.276	53.002
20	287	1	1	149.93	87.519	32.276	52.878
20	288	1	1	143.64	87.27	32.276	52.753
20	289	1	1	137.35	87.021	32.276	52.629
20	290	1	1	131.63	87.083	32.276	52.38
20	291	1	1	125.9	87.145	32.276	52.13
20	292	1	1	120.17	87.208	32.276	51.881
20	293	1	1	114.44	87.27	32.276	51.632
20	294	1	1	108.71	87.332	32.276	51.383
20	295	1	1	102.98	87.394	32.276	51.134
20	296	1	1	97.255	87.457	32.276	50.885
20	297	1	1	91.527	87.519	32.276	50.636
20	298	1	1	86.165	87.519	31.912	50.376
20	299	1	1	80.804	87.519	31.548	50.116
20	300	1	1	75.442	87.519	31.183	49.855
20	301	1	1	70.081	87.519	30.819	49.595
20	302	1	1	64.719	87.519	30.455	49.335
20	303	1	1	59.358	87.519	30.09	49.074
20	304	1	1	53.944	87.675	30.09	48.814
20	305	1	1	48.53	87.831	30.09	48.554
20	306	1	1	43.117	87.987	30.09	48.294
20	307	1	1	37.703	88.144	30.09	48.033
20	308	1	1	32.29	88.3	30.09	47.773
20	309	1	1	26.876	88.456	30.09	47.513
20	310	1	1	22.074	88.634	30.031	47.928
20	311	1	1	17.271	88.812	29.972	48.343
20	312	1	1	12.469	88.99	29.912	48.758
20	313	1	1	7.6668	89.167	29.853	49.173
20	314	1	1	2.8645	89.345	29.794	49.588
20	315	1	1	1.3823	89.345	25.792	49.588
20	316	1	1	-0.099904	89.345	21.79	49.588
20	317	1	1	-0.099904	89.345	17.343	49.588
20	345	2	1	321.36	90.361	15.328	49.299
20	346	2	1	320.02	90.389	16.513	49.271
20	347	2	1	318.68	90.416	17.697	49.244
20	348	2	1	317.34	90.444	18.882	49.216
20	349	2	1	316	90.471	20.066	49.189
20	350	2	1	314.66	90.499	21.25	49.161
20	351	2	1	313.32	90.527	22.435	49.133
20	352	2	1	311.98	90.554	23.619	49.106
20	353	2	1	310.64	90.582	24.804	49.078
20	354	2	1	309.3	90.61	25.492	49.05
20	355	2	1	307.96	90.637	26.18	49.023
20	356	2	1	306.62	90.665	26.868	48.995
20	357	2	1	305.29	90.692	27.556	48.968
20	358	2	1	303.95	90.72	28.245	48.94
20	359	2	1	302.61	90.748	28.933	48.912
20	360	2	1	301.27	90.775	29.621	48.885
20	361	2	1	301.16	90.405	28.809	49.255
20	362	2	1	301.06	90.034	27.997	49.626
20	363	2	1	300.95	89.664	27.186	49.996
20	364	2	1	300.84	89.293	23.639	50.367
20	365	2	1	300.74	88.922	21.151	50.738
20	366	2	1	300.74	88.922	18.769	50.738
20	367	2	1	299.68	88.922	18.372	50.738
20	368	2	1	298.62	88.922	17.975	50.738
20	369	2	1	295.8	88.967	19.828	50.738
20	370	2	1	292.97	89.011	21.68	50.738
20	371	2	1	290.15	89.055	23.533	50.738
20	372	2	1	287.33	89.099	25.386	50.738
20	373	2	1	284.5	89.143	27.239	50.738
20	374	2	1	281.68	89.187	29.091	50.738
20	375	2	1	281.26	89.161	28.086	50.738
20	376	2	1	280.83	89.134	27.08	50.738
20	377	2	1	280.41	89.108	26.074	50.738
20	378	2	1	279.99	89.081	25.068	50.738
20	379	2	1	279.56	89.055	24.063	50.738
20	380	2	1	279.14	89.028	23.057	50.738
20	381	2	1	278.72	89.002	22.051	50.738
20	382	2	1	278.29	88.975	21.045	50.738
20	383	2	1	277.87	88.949	20.039	50.738
20	384	2	1	277.45	88.922	19.034	50.738
20	385	2	1	275.06	88.922	20.092	50.738
20	386	2	1	272.68	88.922	21.151	50.738
20	387	2	1	270.43	89.011	22.739	50.649
20	388	2	1	268.18	89.099	24.327	50.561
20	389	2	1	265.93	89.187	25.915	50.473
20	390	2	1	263.68	89.275	27.503	50.385
20	391	2	1	261.43	89.364	29.091	50.296
20	392	2	1	259.18	89.452	30.68	50.208
20	393	2	1	258.34	89.404	29.934	50.232
20	394	2	1	257.5	89.356	29.188	50.256
20	395	2	1	256.66	89.307	28.442	50.28
20	396	2	1	255.81	89.259	27.696	50.304
20	397	2	1	254.97	89.211	26.95	50.328
20	398	2	1	254.13	89.163	26.204	50.353
20	399	2	1	253.29	89.115	25.458	50.377
20	400	2	1	252.45	89.067	24.712	50.401
20	401	2	1	251.6	89.019	23.966	50.425
20	402	2	1	250.76	88.971	23.22	50.449
20	403	2	1	249.92	88.922	22.475	50.473
20	404	2	1	248.7	88.952	22.891	50.473
20	405	2	1	247.48	88.982	23.308	50.473
20	406	2	1	246.26	89.012	23.725	50.473
20	407	2	1	245.04	89.042	24.142	50.473
20	408	2	1	243.82	89.071	24.559	50.473
20	409	2	1	242.59	89.101	24.976	50.473
20	410	2	1	241.37	89.131	25.393	50.473
20	411	2	1	240.15	89.161	25.809	50.473
20	412	2	1	238.93	89.19	26.226	50.473
20	413	2	1	238.17	89.152	25.269	50.473
20	414	2	1	237.4	89.114	24.312	50.473
20	415	2	1	236.64	89.076	23.355	50.473
20	416	2	1	235.87	89.037	22.398	50.473
20	417	2	1	235.1	88.999	21.441	50.473
20	418	2	1	234.34	88.961	20.484	50.473
20	419	2	1	233.57	88.922	19.527	50.473
20	420	2	1	231.69	88.869	20.887	50.581
20	421	2	1	229.81	88.815	22.247	50.689
20	422	2	1	227.92	88.761	23.607	50.796
20	422	3	1	314.99	87.149	23.083	56.128
20	423	2	1	226.04	88.707	24.967	50.904
20	423	3	1	309.03	87.063	28.087	56.559
20	424	2	1	224.16	88.653	26.327	51.012
20	424	3	1	303.08	86.977	33.092	56.991
20	425	2	1	222.27	88.599	27.687	51.12
20	425	3	1	297.13	86.89	33.782	57.422
20	426	2	1	220.39	88.545	29.047	51.228
20	426	3	1	291.17	86.804	34.472	57.853
20	427	2	1	218.51	88.491	30.407	51.336
20	427	3	1	285.22	86.718	35.163	58.285
20	428	2	1	218.57	88.922	28.37	50.473
20	428	3	1	279.29	86.718	35.163	57.853
20	429	2	1	217.08	88.863	28.162	50.473
20	429	3	1	273.35	86.718	35.163	57.422
20	430	2	1	215.59	88.803	27.953	50.473
20	430	3	1	267.42	86.718	35.163	56.991
20	431	2	1	214.1	88.744	27.745	50.473
20	431	3	1	261.49	86.718	35.163	56.559
20	432	2	1	212.61	88.684	27.536	50.473
20	432	3	1	255.62	86.718	35.076	56.559
20	433	2	1	211.12	88.625	27.328	50.473
20	433	3	1	249.75	86.718	34.99	56.559
20	434	2	1	209.63	88.565	27.12	50.473
20	434	3	1	243.89	86.718	34.904	56.559
20	435	2	1	208.14	88.506	26.911	50.473
20	435	3	1	238.02	86.718	34.817	56.559
20	436	2	1	206.66	88.446	26.703	50.473
20	436	3	1	232.15	86.718	34.731	56.559
20	437	2	1	205.17	88.387	26.494	50.473
20	437	3	1	225.47	86.79	35.163	56.919
20	438	2	1	203.92	88.387	26.807	50.473
20	438	3	1	218.78	86.862	35.594	57.278
20	439	2	1	202.67	88.387	27.12	50.473
20	439	3	1	212.09	86.934	36.025	57.638
20	440	2	1	201.41	88.387	27.432	50.473
20	440	3	1	205.4	87.005	36.457	57.997
20	441	2	1	200.16	88.387	27.745	50.473
20	441	3	1	198.72	87.077	36.888	58.357
20	442	2	1	198.91	88.387	28.057	50.473
20	442	3	1	192.03	87.149	37.32	58.716
20	443	2	1	197.66	88.387	28.37	50.473
20	443	3	1	186.53	86.691	36.862	58.716
20	444	2	1	197.04	88.348	27.32	50.473
20	444	3	1	181.03	86.233	36.403	58.716
20	445	2	1	196.42	88.309	26.27	50.473
20	445	3	1	175.54	85.775	35.945	58.716
20	446	2	1	195.8	88.27	25.219	50.473
20	446	3	1	170.04	85.317	35.487	58.716
20	447	2	1	195.17	88.231	24.169	50.473
20	447	3	1	164.54	84.858	35.029	58.716
20	448	2	1	194.55	88.192	23.119	50.473
20	448	3	1	158.62	84.763	35.029	58.621
20	449	2	1	193.93	88.153	22.069	50.473
20	449	3	1	152.7	84.667	35.029	58.525
20	450	2	1	193.31	88.114	21.018	50.473
20	450	3	1	146.79	84.572	35.029	58.43
20	451	2	1	191.08	88.16	22.153	50.473
20	451	3	1	140.87	84.477	35.029	58.335
20	452	2	1	188.86	88.205	23.287	50.473
20	452	3	1	134.95	84.381	35.029	58.239
20	453	2	1	186.64	88.25	24.422	50.473
20	453	3	1	129.03	84.286	35.029	58.144
20	454	2	1	184.41	88.296	25.556	50.473
20	454	3	1	123.4	84.381	34.742	58.144
20	455	2	1	182.19	88.341	26.691	50.473
20	455	3	1	117.77	84.477	34.456	58.144
20	456	2	1	179.96	88.387	27.826	50.473
20	456	3	1	112.14	84.572	34.17	58.144
20	457	2	1	179.51	88.296	27.051	50.473
20	457	3	1	106.5	84.667	33.883	58.144
20	458	2	1	179.06	88.205	26.276	50.473
20	458	3	1	100.87	84.763	33.597	58.144
20	459	2	1	178.6	88.114	25.501	50.473
20	459	3	1	95.241	84.858	33.311	58.144
20	460	2	1	178.15	88.023	24.726	50.473
20	460	3	1	89.858	84.973	33.54	56.998
20	461	2	1	177.7	87.933	23.951	50.473
20	461	3	1	84.474	85.087	33.769	55.853
20	462	2	1	177.24	87.842	23.176	50.473
20	462	3	1	79.091	85.202	33.998	54.707
20	463	2	1	176.79	87.751	21.821	50.473
20	463	3	1	73.707	85.317	34.227	53.562
20	464	2	1	176.33	87.66	20.467	50.473
20	464	3	1	68.324	85.431	34.456	52.416
20	465	2	1	175.88	87.57	19.112	50.473
20	465	3	1	62.482	85.546	34.456	53.218
20	466	2	1	173.5	87.653	20.546	50.389
20	466	3	1	56.64	85.66	34.456	54.02
20	467	2	1	171.13	87.737	21.979	50.305
20	467	3	1	50.799	85.775	34.456	54.822
20	468	2	1	168.75	87.821	23.413	50.221
20	468	3	1	44.957	85.889	34.456	55.624
20	469	2	1	166.38	87.905	24.847	50.138
20	469	3	1	39.115	86.004	34.456	56.425
20	470	2	1	164	87.989	26.28	50.054
20	470	3	1	34.179	85.937	34.123	56.692
20	471	2	1	161.62	88.072	27.714	49.97
20	471	3	1	29.244	85.87	33.789	56.959
20	472	2	1	159.25	88.156	29.147	49.886
20	472	3	1	24.308	85.804	33.456	57.226
20	473	2	1	158.85	88.182	28.834	49.803
20	473	3	1	19.372	85.737	33.122	57.493
20	474	2	1	158.45	88.208	28.52	49.719
20	474	3	1	14.437	85.67	32.789	57.759
20	475	2	1	158.06	88.234	28.206	49.635
20	475	3	1	9.9899	86.115	32.122	56.314
20	476	2	1	157.66	88.259	27.892	49.551
20	476	3	1	5.5433	86.56	31.455	54.869
20	477	2	1	157.26	88.285	27.579	49.467
20	477	3	1	1.0967	87.004	30.788	53.424
20	478	2	1	157.91	88.659	24.83	49.384
20	478	3	1	0.59645	87.004	26.619	52.424
20	479	2	1	156.24	88.581	24.83	49.384
20	479	3	1	0.096211	87.004	22.45	51.423
20	480	2	1	154.57	88.504	24.83	49.384
20	480	3	1	0.096211	87.004	17.114	51.423
20	481	2	1	152.9	88.426	24.83	49.384
20	482	2	1	151.23	88.348	24.83	49.384
20	483	2	1	149.56	88.271	24.83	49.384
20	484	2	1	147.89	88.193	24.83	49.384
20	485	2	1	146.22	88.115	24.83	49.384
20	486	2	1	144.55	88.038	24.83	49.384
20	487	2	1	142.89	87.96	24.83	49.384
20	488	2	1	141.29	87.96	26.424	49.384
20	489	2	1	139.7	87.96	28.019	49.384
20	490	2	1	139.52	87.844	27.149	49.384
20	491	2	1	139.35	87.728	26.28	49.384
20	492	2	1	139.18	87.612	25.41	49.384
20	493	2	1	139	87.496	24.541	49.384
20	494	2	1	138.83	87.38	23.671	49.384
20	495	2	1	137.84	87.38	22.859	49.384
20	496	2	1	136.86	87.38	22.048	49.384
20	497	2	1	135.87	87.38	21.236	49.384
20	498	2	1	134.89	87.38	20.425	49.384
20	499	2	1	133.9	87.38	19.613	49.384
20	500	2	1	131.35	87.322	21.294	49.384
20	501	2	1	128.8	87.264	22.975	49.384
20	502	2	1	126.25	87.206	24.656	49.384
20	503	2	1	123.7	87.149	26.337	49.384
20	504	2	1	121.15	87.091	28.019	49.384
20	505	2	1	120.76	87.246	28.019	49.384
20	506	2	1	120.37	87.402	28.019	49.384
20	507	2	1	119.98	87.558	28.019	49.384
20	508	2	1	119.59	87.713	28.019	49.384
20	509	2	1	119.2	87.869	28.019	49.384
20	510	2	1	118.35	87.713	26.539	49.462
20	511	2	1	117.49	87.558	25.06	49.539
20	512	2	1	116.63	87.402	23.581	49.617
20	513	2	1	115.78	87.246	22.102	49.695
20	514	2	1	114.92	87.091	20.623	49.773
20	515	2	1	113.2	87.146	21.401	49.773
20	516	2	1	111.47	87.202	22.18	49.773
20	517	2	1	109.75	87.257	22.958	49.773
20	518	2	1	108.02	87.313	23.737	49.773
20	519	2	1	106.3	87.369	24.515	49.773
20	520	2	1	104.58	87.424	25.294	49.773
20	521	2	1	102.85	87.48	26.072	49.773
20	522	2	1	102.24	87.48	25.461	49.662
20	523	2	1	101.63	87.48	24.849	49.551
20	524	2	1	101.02	87.48	24.237	49.439
20	525	2	1	100.41	87.48	23.626	49.328
20	526	2	1	99.795	87.48	23.014	49.217
20	527	2	1	99.183	87.48	22.402	49.106
20	528	2	1	98.571	87.48	21.791	48.994
20	529	2	1	97.292	87.48	21.902	48.994
20	530	2	1	96.014	87.48	22.013	48.994
20	531	2	1	94.735	87.48	22.124	48.994
20	532	2	1	93.456	87.48	22.235	48.994
20	533	2	1	92.177	87.48	22.347	48.994
20	534	2	1	90.898	87.48	22.458	48.994
20	535	2	1	89.619	87.48	22.569	48.994
20	536	2	1	88.646	87.48	23.218	48.93
20	537	2	1	87.672	87.48	23.867	48.865
20	538	2	1	86.699	87.48	24.515	48.8
20	539	2	1	85.726	87.48	25.164	48.735
20	540	2	1	84.753	87.48	25.813	48.67
20	541	2	1	83.78	87.48	26.462	48.605
20	542	2	1	82.677	87.48	25.618	48.411
20	543	2	1	81.574	87.48	24.775	48.216
20	544	2	1	80.471	87.48	23.931	48.021
20	545	2	1	79.368	87.48	23.088	47.827
20	546	2	1	78.266	87.48	22.245	47.632
20	547	2	1	77.163	87.48	21.401	47.437
20	548	2	1	75.752	87.528	22.082	47.437
20	548	4	1	-0.24598	99.129	14.004	63.409
20	549	2	1	74.341	87.577	22.764	47.437
20	549	4	1	-0.24598	98.801	18.911	63.464
20	550	2	1	72.93	87.626	23.445	47.437
20	550	4	1	-0.24598	98.474	23.818	63.518
20	551	2	1	71.519	87.674	24.126	47.437
20	551	4	1	-0.24598	98.147	28.726	63.573
20	552	2	1	70.108	87.723	24.807	47.437
20	552	4	1	-0.24598	97.82	33.633	63.627
20	553	2	1	68.697	87.772	25.488	47.437
20	553	4	1	-0.24598	97.493	38.54	63.682
20	554	2	1	67.286	87.82	26.17	47.437
20	554	4	1	3.4616	97.82	36.577	63.682
20	555	2	1	65.874	87.869	26.851	47.437
20	555	4	1	7.1693	98.147	34.614	63.682
20	556	2	1	65.291	87.869	25.878	47.437
20	556	4	1	10.877	98.474	32.651	63.682
20	557	2	1	64.707	87.869	24.905	47.437
20	557	4	1	14.585	98.801	30.688	63.682
20	558	2	1	64.123	87.869	23.931	47.437
20	558	4	1	18.292	99.129	28.726	63.682
20	559	2	1	63.539	87.869	22.958	47.437
20	559	4	1	21.236	98.583	30.307	64.5
20	560	2	1	62.955	87.869	21.985	47.437
20	560	4	1	24.181	98.038	31.888	65.317
20	561	2	1	62.371	87.869	21.012	47.437
20	561	4	1	27.125	97.493	33.469	66.135
20	562	2	1	60.925	87.869	21.457	47.437
20	562	4	1	30.069	96.948	35.05	66.953
20	563	2	1	59.48	87.869	21.902	47.437
20	563	4	1	33.014	96.402	36.632	67.771
20	564	2	1	58.034	87.869	22.347	47.437
20	564	4	1	36.421	97.22	35.587	67.044
20	565	2	1	56.588	87.869	22.791	47.437
20	565	4	1	39.829	98.038	34.541	66.317
20	566	2	1	55.142	87.869	23.236	47.437
20	566	4	1	43.237	98.856	33.496	65.59
20	567	2	1	53.697	87.869	23.681	47.437
20	567	4	1	46.645	99.674	32.451	64.863
20	568	2	1	52.251	87.869	24.126	47.437
20	568	4	1	50.052	100.49	31.406	64.136
20	569	2	1	51.537	88.064	24.386	47.243
20	569	4	1	53.46	101.31	30.361	63.409
20	570	2	1	50.824	88.258	24.645	47.048
20	570	4	1	59.176	100.25	28.032	64.468
20	571	2	1	50.11	88.453	24.905	46.854
20	571	4	1	64.893	99.192	25.704	65.526
20	572	2	1	49.396	88.648	25.164	46.659
20	572	4	1	66.869	98.628	28.95	66.02
20	573	2	1	48.683	88.842	25.424	46.464
20	573	4	1	68.845	98.063	32.196	66.514
20	574	2	1	47.969	89.037	25.683	46.27
20	574	4	1	70.821	97.499	35.443	67.008
20	575	2	1	47.191	88.959	24.126	46.27
20	575	4	1	72.797	96.934	38.689	67.502
20	576	2	1	46.412	88.881	22.569	46.27
20	576	4	1	74.773	96.369	41.935	67.996
20	577	2	1	45.634	88.803	21.012	46.27
20	577	4	1	76.749	95.805	45.182	68.49
20	578	2	1	44.855	88.725	19.455	46.27
20	578	4	1	81.745	96.398	41.879	67.982
20	579	2	1	44.077	88.648	17.898	46.27
20	579	4	1	86.742	96.991	38.576	67.474
20	580	2	1	42.665	88.648	18.339	46.27
20	580	4	1	91.738	97.583	35.273	66.966
20	581	2	1	41.253	88.648	18.78	46.27
20	581	4	1	96.735	98.176	31.97	66.458
20	582	2	1	39.842	88.648	19.221	46.27
20	582	4	1	101.73	98.769	28.668	65.95
20	583	2	1	38.43	88.648	19.663	46.27
20	583	4	1	104.1	98.176	31.547	66.458
20	584	2	1	37.018	88.648	20.104	46.27
20	584	4	1	106.47	97.583	34.426	66.966
20	585	2	1	35.607	88.648	20.545	46.27
20	585	4	1	108.85	96.991	37.306	67.474
20	586	2	1	35.183	88.806	20.704	46.111
20	586	4	1	111.22	96.398	40.185	67.982
20	587	2	1	34.76	88.965	20.862	45.952
20	587	4	1	113.59	95.805	43.064	68.49
20	588	2	1	34.336	89.124	21.021	45.793
20	588	4	1	117.96	96.299	40.806	68.208
20	589	2	1	33.913	89.283	21.18	45.634
20	589	4	1	122.34	96.793	38.548	67.926
20	590	2	1	33.489	89.442	21.339	45.476
20	590	4	1	126.71	97.287	36.289	67.643
20	591	2	1	32.298	89.397	20.942	45.476
20	591	4	1	131.09	97.781	34.031	67.361
20	592	2	1	31.107	89.353	20.545	45.476
20	592	4	1	135.47	98.275	31.773	67.079
20	593	2	1	29.916	89.309	20.148	45.476
20	593	4	1	139.84	98.769	29.514	66.797
20	594	2	1	28.725	89.265	19.751	45.476
20	594	4	1	142.47	98.261	32.309	67.135
20	595	2	1	27.534	89.221	19.354	45.476
20	595	4	1	145.09	97.753	35.104	67.474
20	596	2	1	26.343	89.177	18.957	45.476
20	596	4	1	147.72	97.245	37.898	67.813
20	597	2	1	25.284	89.283	19.327	45.423
20	597	4	1	150.34	96.736	40.693	68.152
20	598	2	1	24.226	89.389	19.698	45.37
20	598	4	1	152.97	96.228	43.488	68.49
20	599	2	1	23.167	89.495	20.068	45.317
20	599	4	1	156.95	96.53	41.858	68.249
20	600	2	1	22.108	89.6	20.439	45.264
20	600	4	1	160.93	96.832	40.229	68.008
20	601	2	1	21.049	89.706	20.81	45.211
20	601	4	1	164.92	97.134	38.6	67.766
20	602	2	1	20.414	89.865	20.862	45.264
20	602	4	1	168.9	97.435	36.97	67.525
20	603	2	1	19.779	90.024	20.915	45.317
20	603	4	1	172.88	97.737	35.341	67.283
20	604	2	1	19.144	90.183	20.968	45.37
20	604	4	1	179.42	97.838	32.625	67.183
20	605	2	1	18.509	90.341	21.021	45.423
20	605	4	1	185.96	97.938	29.91	67.082
20	606	2	1	17.873	90.5	21.074	45.476
20	606	4	1	192.49	98.039	27.194	66.982
20	607	2	1	16.771	90.456	21.293	45.762
20	607	4	1	193.94	97.616	31.056	67.585
20	608	2	1	15.668	90.412	21.512	46.047
20	608	4	1	195.39	97.194	34.919	68.189
20	609	2	1	14.565	90.368	21.731	46.333
20	609	4	1	196.84	96.771	38.781	68.792
20	610	2	1	13.462	90.324	21.949	46.619
20	610	4	1	198.29	96.349	42.643	69.396
20	611	2	1	12.359	90.28	20.453	46.047
20	611	4	1	199.74	95.927	46.505	69.999
20	612	2	1	11.256	90.236	18.957	45.476
20	612	4	1	204.5	96.53	43.548	69.396
20	613	2	1	9.88	90.236	19.719	45.857
20	613	4	1	209.27	97.134	40.591	68.792
20	614	2	1	8.5037	90.236	20.481	46.238
20	614	4	1	214.04	97.737	37.634	68.189
20	615	2	1	7.1274	90.236	21.244	46.619
20	615	4	1	218.81	98.34	34.677	67.585
20	616	2	1	5.751	90.236	21.688	46.047
20	616	4	1	223.57	98.944	31.72	66.982
20	617	2	1	4.3747	90.236	22.133	45.476
20	617	4	1	229.38	98.592	30.312	67.51
20	618	2	1	3.7395	90.289	23.276	45.952
20	618	4	1	235.19	98.24	28.904	68.038
20	619	2	1	3.1043	90.341	24.42	46.428
20	619	4	1	237.02	97.958	32.213	68.319
20	620	2	1	2.469	90.394	25.563	46.905
20	620	4	1	238.85	97.677	35.522	68.601
20	621	2	1	1.8338	90.447	25.182	45.857
20	621	4	1	240.68	97.395	38.831	68.883
20	622	2	1	1.1986	90.5	24.515	45.476
20	622	4	1	242.51	97.113	42.14	69.164
20	623	2	1	0.73538	90.434	23.898	45.857
20	623	4	1	244.34	96.832	45.449	69.446
20	624	2	1	0.27219	90.368	23.282	46.238
20	624	4	1	249.51	97.125	42.868	69.094
20	625	2	1	-0.191	90.302	22.665	46.619
20	625	4	1	254.67	97.419	40.286	68.742
20	626	2	1	-0.65418	90.236	20.015	45.476
20	626	4	1	259.83	97.712	37.705	68.39
20	627	2	1	-0.60125	90.236	18.523	45.857
20	627	4	1	264.99	98.005	35.123	68.038
20	628	2	1	-0.54831	90.236	17.03	46.238
20	628	4	1	270.16	98.299	32.542	67.686
20	629	2	1	-0.49538	90.236	15.537	46.619
20	629	4	1	275.32	98.592	29.96	67.334
20	630	2	1	-0.44244	90.236	14.044	47
20	630	4	1	277.13	98.207	32.871	67.718
20	631	2	1	-0.3895	90.236	12.075	45.476
20	631	4	1	278.94	97.823	35.781	68.103
20	632	4	1	280.76	97.439	38.692	68.487
20	633	4	1	282.57	97.054	41.602	68.871
20	634	4	1	284.38	96.67	44.513	69.256
20	635	4	1	287.95	97.311	42.499	68.89
20	636	4	1	291.52	97.951	40.486	68.524
20	637	4	1	295.09	98.592	38.472	68.157
20	638	4	1	301.13	99.278	33.942	67.471
20	639	4	1	307.17	99.965	29.411	66.784
20	640	4	1	313.35	99.69	23.233	66.784
20	641	4	1	319.53	99.416	17.055	66.784
20	261	5	2	299.09	113.39	37.95	36.817
20	262	5	2	292.51	114.24	44.393	35.967
20	263	5	2	285.92	115.09	50.836	35.118
20	264	5	2	279.34	115.94	56.854	34.268
20	265	5	2	272.75	116.79	59.757	33.418
20	266	5	2	266.14	116.41	59.757	33.418
20	267	5	2	259.54	116.03	59.757	33.418
20	268	5	2	252.93	115.65	59.757	33.418
20	269	5	2	246.68	115.65	60.028	33.418
20	270	5	2	240.44	115.65	60.299	33.418
20	271	5	2	234.2	115.65	60.571	33.418
20	272	5	2	227.96	115.65	60.842	33.418
20	273	5	2	221.71	115.65	61.114	33.418
20	274	5	2	215.79	115.39	60.902	33.418
20	275	5	2	209.86	115.12	60.69	33.418
20	276	5	2	203.93	114.86	60.478	33.418
20	277	5	2	198	114.6	60.267	33.418
20	278	5	2	192.07	114.33	60.055	33.418
20	279	5	2	186.14	114.07	59.843	33.418
20	280	5	2	180.15	113.87	59.693	33.368
20	281	5	2	174.16	113.67	59.544	33.318
20	282	5	2	168.17	113.47	59.394	33.269
20	283	5	2	162.18	113.27	59.244	33.219
20	284	5	2	156.18	113.07	59.094	33.169
20	285	5	2	150.19	112.87	58.944	33.119
20	286	5	2	144.2	112.67	58.795	33.069
20	287	5	2	138.21	112.47	58.645	33.019
20	288	5	2	132.22	112.27	58.495	32.969
20	289	5	2	126.44	112.45	58.036	32.74
20	290	5	2	120.66	112.64	57.578	32.51
20	291	5	2	114.88	112.82	57.119	32.281
20	292	5	2	109.1	113	56.66	32.051
20	293	5	2	103.32	113.19	56.201	31.822
20	294	5	2	97.535	113.37	55.742	31.593
20	295	5	2	92.016	113.33	55.617	31.593
20	296	5	2	86.497	113.29	55.492	31.593
20	297	5	2	80.978	113.24	55.366	31.593
20	298	5	2	75.459	113.2	55.241	31.593
20	299	5	2	69.94	113.16	55.115	31.593
20	300	5	2	64.421	113.12	54.99	31.593
20	301	5	2	58.902	113.08	54.864	31.593
20	302	5	2	53.383	113.03	54.739	31.593
20	303	5	2	47.864	112.99	54.614	31.593
20	304	5	2	42.972	112.85	54.096	31.593
20	305	5	2	38.081	112.71	53.579	31.593
20	306	5	2	33.189	112.57	53.061	31.593
20	307	5	2	28.297	112.43	52.544	31.593
20	308	5	2	23.405	112.29	52.027	31.593
20	309	5	2	18.513	112.15	51.509	31.593
20	310	5	2	13.621	112.01	50.992	31.593
20	311	5	2	8.7296	111.86	50.474	31.593
20	312	5	2	6.9351	112.28	47.244	31.114
20	313	5	2	5.1406	112.7	44.014	30.636
20	314	5	2	3.346	113.12	40.784	30.157
20	315	5	2	1.5515	113.54	37.554	29.679
20	316	5	2	-0.24302	113.96	34.324	29.2
20	424	6	2	288.89	115.5	48.055	34.157
20	425	6	2	282.68	115.78	54.08	34.157
20	426	6	2	276.46	116.06	60.105	34.157
20	427	6	2	270.24	116.34	60.643	34.157
20	428	6	2	264.02	116.63	61.18	34.157
20	429	6	2	257.8	116.91	61.718	34.157
20	430	6	2	251.97	116.97	61.718	34.157
20	431	6	2	246.14	117.03	61.718	34.157
20	432	6	2	240.31	117.09	61.718	34.157
20	433	6	2	234.48	117.14	61.718	34.157
20	434	6	2	228.65	117.2	61.718	34.157
20	435	6	2	222.82	117.26	61.718	34.157
20	436	6	2	216.99	117.32	61.718	34.157
20	437	6	2	211.16	117.38	61.718	34.157
20	438	6	2	205.03	117.05	61.718	34.157
20	439	6	2	198.91	116.72	61.718	34.157
20	440	6	2	192.78	116.4	61.718	34.157
20	441	6	2	186.66	116.07	61.718	34.157
20	442	6	2	180.53	115.74	61.718	34.157
20	443	6	2	174.41	115.41	61.718	34.157
20	444	6	2	168.28	115.09	61.718	34.157
20	445	6	2	162.16	114.76	61.718	34.157
20	446	6	2	156.25	114.76	61.718	34.157
20	447	6	2	150.34	114.76	61.718	34.157
20	448	6	2	144.43	114.76	61.718	34.157
20	449	6	2	138.53	114.76	61.718	34.157
20	450	6	2	132.62	114.76	61.718	34.157
20	451	6	2	126.71	114.76	61.718	34.157
20	452	6	2	120.8	114.76	61.718	34.157
20	453	6	2	114.9	114.76	61.718	34.157
20	454	6	2	109.44	114.59	61.493	34.157
20	455	6	2	103.98	114.42	61.268	34.157
20	456	6	2	98.524	114.25	61.043	34.157
20	457	6	2	93.067	114.08	60.818	34.157
20	458	6	2	87.609	113.92	60.593	34.157
20	459	6	2	82.152	113.75	60.367	34.157
20	460	6	2	76.694	113.58	60.142	34.157
20	461	6	2	71.237	113.41	59.917	34.157
20	462	6	2	65.779	113.24	59.692	34.157
20	463	6	2	60.321	113.07	59.467	34.157
20	464	6	2	55.308	113.11	58.861	33.958
20	465	6	2	50.294	113.16	58.256	33.759
20	466	6	2	45.28	113.2	57.65	33.56
20	467	6	2	40.266	113.24	57.044	33.361
20	468	6	2	35.252	113.29	56.438	33.162
20	469	6	2	30.238	113.33	55.832	32.963
20	470	6	2	25.224	113.37	55.226	32.764
20	471	6	2	20.21	113.42	54.62	32.564
20	472	6	2	15.196	113.46	54.014	32.365
20	473	6	2	10.182	113.5	53.408	32.166
20	474	6	2	6.0541	113.5	52.561	32.166
20	475	6	2	1.926	113.5	51.713	32.166
20	476	6	2	1.5021	113.5	47.161	32.166
20	477	6	2	1.0782	113.5	42.609	32.166
20	478	6	2	0.65425	113.5	38.057	32.166
20	479	6	2	0.23032	113.5	33.505	32.166
20	333	7	18	309.48	113.4	27.222	22.948
20	334	7	18	307.95	113.4	27.605	22.948
20	335	7	18	306.42	113.4	27.987	22.948
20	336	7	18	304.89	113.4	28.37	22.948
20	337	7	18	303.36	113.4	28.752	22.948
20	338	7	18	301.83	113.4	29.135	22.948
20	339	7	18	300.3	113.4	29.517	22.948
20	340	7	18	298.77	113.4	29.899	22.948
20	341	7	18	297.24	113.4	30.282	22.948
20	342	7	18	295.71	113.4	30.664	22.948
20	343	7	18	294.18	113.4	31.047	22.948
20	344	7	18	293.44	113.37	30.243	22.948
20	345	7	18	292.7	113.34	29.44	22.948
20	346	7	18	291.97	113.31	28.636	22.948
20	347	7	18	291.23	113.28	27.833	22.948
20	348	7	18	290.49	113.24	27.029	22.948
20	349	7	18	289.75	113.21	26.226	22.948
20	350	7	18	289.01	113.18	25.422	22.948
20	351	7	18	288.56	113.21	25.001	22.948
20	352	7	18	288.11	113.24	24.579	22.948
20	353	7	18	287.66	113.26	24.157	22.948
20	354	7	18	287.21	113.29	23.735	22.948
20	355	7	18	286.76	113.32	23.313	22.948
20	356	7	18	286.31	113.35	22.891	22.948
20	357	7	18	285.86	113.38	22.47	22.948
20	358	7	18	285.41	113.4	22.048	22.948
20	359	7	18	284.48	113.4	22.329	23.06
20	360	7	18	283.55	113.4	22.61	23.173
20	361	7	18	282.63	113.4	22.891	23.285
20	362	7	18	281.7	113.4	23.173	23.398
20	363	7	18	280.77	113.4	23.454	23.51
20	364	7	18	279.84	113.4	23.735	23.623
20	365	7	18	278.91	113.4	24.016	23.735
20	366	7	18	277.98	113.4	24.298	23.848
20	367	7	18	276.88	113.42	24.686	23.725
20	368	7	18	275.78	113.44	25.075	23.602
20	369	7	18	274.67	113.47	25.463	23.479
20	370	7	18	273.57	113.49	25.852	23.357
20	371	7	18	272.46	113.51	26.24	23.234
20	372	7	18	271.36	113.53	26.629	23.111
20	373	7	18	270.25	113.55	27.018	22.989
20	374	7	18	269.15	113.57	27.406	22.866
20	375	7	18	268.04	113.59	27.795	22.743
20	376	7	18	266.94	113.61	28.183	22.62
20	377	7	18	265.84	113.63	28.572	22.498
20	378	7	18	265.06	113.62	28.348	22.498
20	379	7	18	264.28	113.6	28.125	22.498
20	380	7	18	263.51	113.59	27.901	22.498
20	381	7	18	262.73	113.58	27.678	22.498
20	382	7	18	261.96	113.56	27.454	22.498
20	383	7	18	261.18	113.55	27.231	22.498
20	384	7	18	260.4	113.54	27.007	22.498
20	385	7	18	259.63	113.52	26.783	22.498
20	386	7	18	258.85	113.51	26.56	22.498
20	387	7	18	258.08	113.5	26.336	22.498
20	388	7	18	257.3	113.48	26.113	22.498
20	389	7	18	256.15	113.53	25.933	22.36
20	390	7	18	254.99	113.57	25.753	22.222
20	391	7	18	253.84	113.61	25.573	22.085
20	392	7	18	252.68	113.65	25.393	21.947
20	393	7	18	251.53	113.7	25.213	21.81
20	394	7	18	250.38	113.74	25.033	21.672
20	395	7	18	249.22	113.78	24.853	21.534
20	396	7	18	248.07	113.82	24.673	21.397
20	397	7	18	246.91	113.87	24.493	21.259
20	398	7	18	245.76	113.91	24.313	21.121
20	399	7	18	244.61	113.95	24.133	20.984
20	400	7	18	243.45	113.99	23.953	20.846
20	401	7	18	242.3	114.03	23.773	20.708
20	402	7	18	241.14	114.08	23.593	20.571
20	403	7	18	239.99	114.12	23.413	20.433
20	404	7	18	238.84	114.16	23.233	20.296
20	405	7	18	237.35	114.25	23.927	20.194
20	406	7	18	235.85	114.33	24.622	20.092
20	407	7	18	234.36	114.42	25.316	19.991
20	408	7	18	232.87	114.5	26.011	19.889
20	409	7	18	231.38	114.59	26.705	19.787
20	410	7	18	229.89	114.67	27.4	19.686
20	411	7	18	228.4	114.75	28.094	19.584
20	412	7	18	226.91	114.84	28.789	19.482
20	413	7	18	225.42	114.92	29.483	19.381
20	414	7	18	223.93	115.01	30.178	19.279
20	415	7	18	222.62	114.9	30.009	19.495
20	416	7	18	221.31	114.79	29.839	19.71
20	417	7	18	220	114.69	29.67	19.926
20	418	7	18	218.69	114.58	29.5	20.142
20	419	7	18	217.38	114.47	29.331	20.357
20	420	7	18	216.08	114.36	29.162	20.573
20	421	7	18	214.77	114.25	28.992	20.788
20	422	7	18	213.46	114.15	28.823	21.004
20	423	7	18	212.15	114.04	28.653	21.22
20	424	7	18	210.84	113.93	28.484	21.435
20	425	7	18	209.53	113.82	28.315	21.651
20	426	7	18	208.23	113.79	28.627	21.707
20	427	7	18	206.92	113.77	28.939	21.764
20	428	7	18	205.62	113.74	29.25	21.821
20	429	7	18	204.31	113.71	29.562	21.878
20	430	7	18	203.01	113.68	29.874	21.934
20	431	7	18	201.7	113.65	30.186	21.991
20	432	7	18	200.4	113.62	30.498	22.048
20	433	7	18	199.51	113.62	30.498	22.048
20	434	7	18	198.61	113.62	30.498	22.048
20	435	7	18	197.72	113.62	30.498	22.048
20	436	7	18	196.83	113.62	30.498	22.048
20	437	7	18	195.93	113.62	30.498	22.048
20	438	7	18	195.04	113.62	30.498	22.048
20	439	7	18	194.15	113.62	30.498	22.048
20	440	7	18	193.25	113.62	30.498	22.048
20	441	7	18	192.36	113.62	30.498	22.048
20	442	7	18	191.47	113.62	30.498	22.048
20	443	7	18	190.57	113.62	30.498	22.048
20	444	7	18	189.68	113.62	30.498	22.048
20	445	7	18	188.86	113.58	30.337	22.048
20	446	7	18	188.04	113.54	30.175	22.048
20	447	7	18	187.22	113.5	30.014	22.048
20	448	7	18	186.41	113.45	29.852	22.048
20	449	7	18	185.59	113.41	29.69	22.048
20	450	7	18	184.77	113.37	29.529	22.048
20	451	7	18	183.95	113.32	29.367	22.048
20	452	7	18	183.13	113.28	29.206	22.048
20	453	7	18	182.31	113.24	29.044	22.048
20	454	7	18	181.49	113.19	28.883	22.048
20	455	7	18	180.68	113.15	28.721	22.048
20	456	7	18	179.86	113.11	28.559	22.048
20	457	7	18	179.04	113.06	28.398	22.048
20	458	7	18	178.22	113.02	28.236	22.048
20	459	7	18	177.4	112.98	28.075	22.048
20	460	7	18	176.58	112.94	27.913	22.048
20	461	7	18	175.83	112.96	28.263	21.994
20	462	7	18	175.07	112.99	28.613	21.94
20	463	7	18	174.32	113.02	28.963	21.886
20	464	7	18	173.57	113.04	29.313	21.832
20	465	7	18	172.81	113.07	29.663	21.779
20	466	7	18	172.06	113.1	30.013	21.725
20	467	7	18	171.31	113.12	30.362	21.671
20	468	7	18	170.55	113.15	30.712	21.617
20	469	7	18	169.8	113.18	31.062	21.563
20	470	7	18	169.05	113.2	31.412	21.509
20	471	7	18	168.35	113.2	31.412	21.509
20	472	7	18	167.66	113.2	31.412	21.509
20	473	7	18	166.97	113.2	31.412	21.509
20	474	7	18	166.28	113.2	31.412	21.509
20	475	7	18	165.59	113.2	31.412	21.509
20	476	7	18	164.89	113.2	31.412	21.509
20	477	7	18	164.2	113.2	31.412	21.509
20	478	7	18	163.51	113.2	31.412	21.509
20	479	7	18	162.82	113.2	31.412	21.509
20	480	7	18	162.12	113.2	31.412	21.509
20	481	7	18	161.43	113.2	31.412	21.509
20	482	7	18	160.74	113.2	31.412	21.509
20	483	7	18	160.05	113.2	31.412	21.509
20	484	7	18	159.36	113.2	31.412	21.509
20	485	7	18	158.29	113.46	30.768	21.322
20	486	7	18	157.23	113.72	30.123	21.134
20	487	7	18	156.16	113.98	29.479	20.947
20	488	7	18	155.1	114.23	28.835	20.759
20	489	7	18	154.03	114.49	28.19	20.571
20	490	7	18	152.97	114.75	27.546	20.384
20	491	7	18	152.2	114.71	27.889	20.394
20	492	7	18	151.43	114.67	28.231	20.403
20	493	7	18	150.67	114.63	28.574	20.413
20	494	7	18	149.9	114.59	28.916	20.423
20	495	7	18	149.13	114.55	29.259	20.433
20	496	7	18	148.28	114.46	28.338	20.481
20	497	7	18	147.44	114.36	27.416	20.529
20	498	7	18	146.59	114.27	26.495	20.578
20	499	7	18	145.75	114.18	25.574	20.626
20	500	7	18	144.9	114.08	24.652	20.674
20	501	7	18	144.06	113.99	23.731	20.723
20	502	7	18	143.13	113.65	23.559	21.104
20	503	7	18	142.2	113.3	23.388	21.486
20	504	7	18	141.27	112.96	23.216	21.867
20	505	7	18	140.34	112.62	23.045	22.249
20	506	7	18	139.41	112.28	22.873	22.63
20	507	7	18	138.48	111.93	22.702	23.012
20	508	7	18	137.56	111.59	22.53	23.394
20	509	7	18	136.42	111.54	22.315	23.232
20	510	7	18	135.29	111.48	22.099	23.071
20	511	7	18	134.16	111.43	21.884	22.909
20	512	7	18	133.03	111.37	21.669	22.748
20	513	7	18	131.9	111.32	21.454	22.586
20	514	7	18	130.67	111.28	21.376	22.47
20	515	7	18	129.43	111.24	21.299	22.355
20	516	7	18	128.2	111.2	21.222	22.239
20	517	7	18	126.97	111.17	21.145	22.123
20	518	7	18	125.73	111.13	21.068	22.008
20	519	7	18	124.5	111.09	20.991	21.892
20	520	7	18	123.26	111.05	20.914	21.776
20	521	7	18	121.53	111.05	22.032	21.776
20	522	7	18	119.79	111.05	23.15	21.776
20	523	7	18	118.06	111.05	24.269	21.776
20	524	7	18	116.32	111.05	25.387	21.776
20	525	7	18	114.59	111.05	26.506	21.776
20	526	7	18	112.85	111.05	27.624	21.776
20	527	7	18	111.12	111.05	28.743	21.776
20	528	7	18	109.46	111.29	28.878	21.472
20	529	7	18	107.81	111.52	29.013	21.169
20	530	7	18	106.15	111.76	29.148	20.865
20	531	7	18	104.5	112	29.283	20.561
20	532	7	18	102.85	112.23	29.418	20.258
20	533	7	18	101.19	112.47	29.553	19.954
20	534	7	18	99.54	112.7	29.688	19.65
20	535	7	18	97.886	112.94	29.823	19.346
20	536	7	18	96.961	112.98	29.128	19.231
20	537	7	18	96.035	113.02	28.434	19.115
20	538	7	18	95.11	113.06	27.74	18.999
20	539	7	18	94.184	113.09	27.046	18.884
20	540	7	18	93.258	113.13	26.352	18.768
20	541	7	18	92.333	113.17	25.657	18.652
20	542	7	18	91.407	113.21	24.963	18.536
20	543	7	18	88.662	113.17	25.728	18.536
20	544	7	18	85.918	113.12	26.493	18.536
20	545	7	18	83.173	113.08	27.258	18.536
20	546	7	18	80.428	113.03	28.023	18.536
20	547	7	18	77.683	112.99	28.788	18.536
20	548	7	18	74.939	112.94	29.553	18.536
20	549	7	18	73.456	112.98	29.553	18.574
20	550	7	18	71.972	113.02	29.553	18.613
20	551	7	18	70.489	113.05	29.553	18.651
20	552	7	18	69.006	113.09	29.553	18.689
20	553	7	18	67.523	113.13	29.553	18.727
20	554	7	18	66.04	113.17	29.553	18.765
20	555	7	18	64.557	113.21	29.553	18.803
20	556	7	18	63.073	113.24	29.553	18.841
20	557	7	18	61.704	113.17	29.363	18.841
20	558	7	18	60.335	113.09	29.172	18.841
20	559	7	18	58.966	113.02	28.982	18.841
20	560	7	18	57.597	112.94	28.792	18.841
20	561	7	18	56.228	112.86	28.602	18.841
20	562	7	18	54.859	112.79	28.412	18.841
20	563	7	18	53.49	112.71	28.222	18.841
20	564	7	18	52.121	112.64	28.031	18.841
20	565	7	18	50.857	112.61	27.821	18.841
20	566	7	18	49.593	112.59	27.61	18.841
20	567	7	18	48.329	112.57	27.4	18.841
20	568	7	18	47.066	112.54	27.189	18.841
20	569	7	18	45.802	112.52	26.978	18.841
20	570	7	18	44.538	112.5	26.768	18.841
20	571	7	18	43.274	112.47	26.557	18.841
20	572	7	18	42.011	112.45	26.346	18.841
20	573	7	18	40.747	112.43	26.136	18.841
20	574	7	18	39.483	112.4	25.925	18.841
20	575	7	18	38.219	112.38	25.715	18.841
20	576	7	18	36.955	112.36	25.504	18.841
20	577	7	18	35.692	112.33	25.293	18.841
20	578	7	18	34.834	112.22	25.293	19.034
20	579	7	18	33.977	112.11	25.293	19.228
20	580	7	18	33.119	112	25.293	19.422
20	581	7	18	32.262	111.89	25.293	19.615
20	582	7	18	31.405	111.78	25.293	19.809
20	583	7	18	30.547	111.67	25.293	20.002
20	584	7	18	29.69	111.56	25.293	20.196
20	585	7	18	28.832	111.45	25.293	20.39
20	586	7	18	27.975	111.34	25.293	20.583
20	587	7	18	27.118	111.23	25.293	20.777
20	588	7	18	26.26	111.11	25.293	20.97
20	589	7	18	25.826	110.98	24.728	20.97
20	590	7	18	25.391	110.85	24.163	20.97
20	591	7	18	24.956	110.72	23.598	20.97
20	592	7	18	24.522	110.59	23.033	20.97
20	593	7	18	24.087	110.46	22.468	20.97
20	594	7	18	23.652	110.33	21.903	20.97
20	595	7	18	23.218	110.2	21.338	20.97
20	596	7	18	23.218	110.2	20.273	20.97
20	597	7	18	23.218	110.2	19.209	20.97
20	598	7	18	23.218	110.2	18.144	20.97
20	599	7	18	23.218	110.2	17.079	20.97
20	600	7	18	23.218	110.2	16.014	20.97
20	601	7	18	23.218	110.2	14.949	20.97
20	602	7	18	23.218	110.2	13.884	20.97
20	603	7	18	23.218	110.2	12.819	20.97
20	604	7	18	23.279	110.2	12.819	20.97
20	605	7	18	23.339	110.2	12.819	20.97
20	606	7	18	23.4	110.2	12.819	20.97
20	607	7	18	23.461	110.2	12.819	20.97
20	608	7	18	23.522	110.2	12.819	20.97
20	609	7	18	23.583	110.2	12.819	20.97
20	610	7	18	23.644	110.2	12.819	20.97
20	611	7	18	23.705	110.2	12.819	20.97
20	612	7	18	23.765	110.2	12.819	20.97
20	613	7	18	23.826	110.2	12.819	20.97
20	614	7	18	23.583	110.14	12.941	21.031
20	615	7	18	23.339	110.08	13.063	21.092
20	616	7	18	23.096	110.02	13.185	21.153
20	617	7	18	22.853	109.96	13.306	21.214
20	618	7	18	22.609	109.9	13.428	21.275
20	619	7	18	22.366	109.84	13.55	21.335
20	620	7	18	22.123	109.78	13.671	21.396
20	621	7	18	21.879	109.72	13.793	21.457
20	622	7	18	21.636	109.65	13.915	21.518
20	623	7	18	21.392	109.59	14.036	21.579
20	624	7	18	20.594	109.63	14.759	21.731
20	625	7	18	19.795	109.67	15.482	21.883
20	626	7	18	18.996	109.71	16.204	22.035
20	627	7	18	18.198	109.75	16.927	22.187
20	628	7	18	17.399	109.78	17.649	22.339
20	629	7	18	16.601	109.82	18.372	22.492
20	630	7	18	15.802	109.86	19.094	22.644
20	631	7	18	15.003	109.9	19.817	22.796
20	632	7	18	13.821	110.32	21.038	22.376
20	633	7	18	12.638	110.74	22.259	21.956
20	634	7	18	11.455	111.16	23.48	21.537
20	635	7	18	10.272	111.58	24.7	21.117
20	636	7	18	9.0897	112	25.921	20.697
20	637	7	18	7.907	112.42	27.142	20.278
20	638	7	18	6.6861	112.53	27.409	20.163
20	639	7	18	5.4652	112.64	27.676	20.049
20	640	7	18	4.2443	112.76	27.943	19.934
20	641	7	18	3.0234	112.87	28.211	19.82
20	642	7	18	1.8026	112.99	28.478	19.705
20	643	7	18	0.58169	113.1	28.745	19.591
20	644	7	18	0.50264	113.14	26.808	19.591
20	645	7	18	0.42358	113.18	24.871	19.591
20	646	7	18	0.34453	113.22	22.934	19.591
20	647	7	18	0.26547	113.26	20.997	19.591
